student1 <- c(100, 100, 100, 100, 100, 100, 100, 90)
student2 <- c(100, NA, 90, 90, 90, 90, 97, 80)
student3 <- c(90, NA, NA, NA, NA, NA, NA, NA)

#We can use the `mean()` function to calculate the average for a given studentvector.

